place(4.598, 1.000, -7.734, "Shotgunner", 300)
place(2.505, 1.000, -7.815, "Shotgunner", 300)
place(0.433, 1.000, -7.746, "Shotgunner", 300)
place(-1.653, 1.000, -7.722, "Shotgunner", 300)
place(-0.858, 1.000, -9.645, "Shotgunner", 300)
place(1.200, 1.000, -9.654, "Shotgunner", 300)
place(3.208, 1.000, -9.702, "Shotgunner", 300)
place(-0.897, 1.000, -1.901, "Shotgunner", 300)
place(1.049, 1.000, -2.371, "Shotgunner", 300)
place(3.146, 1.000, -2.507, "Shotgunner", 300)
place(5.217, 1.000, -2.142, "Shotgunner", 300)
upgrade(5.217, 2.350, -2.142, 150)
upgrade(5.217, 2.350, -2.142, 950)
upgrade(3.146, 2.350, -2.507, 150)
upgrade(3.146, 2.350, -2.507, 950)
upgrade(1.049, 2.350, -2.371, 150)
upgrade(1.049, 2.350, -2.371, 950)
upgrade(-0.897, 2.350, -1.901, 150)
upgrade(-0.897, 2.350, -1.901, 950)
upgrade(4.598, 2.350, -7.734, 150)
upgrade(4.598, 2.350, -7.734, 950)
upgrade(2.505, 2.350, -7.815, 150)
upgrade(2.505, 2.350, -7.815, 950)
upgrade(0.433, 2.350, -7.746, 150)
upgrade(0.433, 2.350, -7.746, 950)
upgrade(-1.653, 2.350, -7.722, 150)
upgrade(-1.653, 2.350, -7.722, 950)
upgrade(3.208, 2.350, -9.702, 150)
upgrade(3.208, 2.350, -9.702, 950)
upgrade(1.200, 2.350, -9.654, 150)
upgrade(1.200, 2.350, -9.654, 950)
upgrade(-0.858, 2.350, -9.645, 150)
upgrade(-0.858, 2.350, -9.645, 950)
place(12.485, 1.000, -2.622, "Electroshocker", 725)
upgrade(12.485, 2.350, -2.622, 300)
upgrade(12.485, 2.350, -2.622, 600)
place(10.226, 1.000, -9.547, "Electroshocker", 725)
upgrade(10.226, 2.350, -9.547, 300)
upgrade(10.226, 2.350, -9.547, 600)
place(7.250, 1.000, -0.476, "Electroshocker", 725)
upgrade(7.250, 2.350, -0.476, 300)
upgrade(7.250, 2.350, -0.476, 600)
place(2.067, 1.000, -12.147, "Electroshocker", 725)
upgrade(2.067, 2.350, -12.147, 300)
upgrade(2.067, 2.350, -12.147, 600)
place(8.087, 1.000, -11.849, "Freezer", 425)
upgrade(8.087, 2.350, -11.849, 225)
upgrade(8.087, 2.350, -11.849, 650)
place(15.543, 1.000, -2.638, "Freezer", 425)
upgrade(15.543, 2.350, -2.638, 225)
upgrade(15.543, 2.350, -2.638, 650)
place(-7.872, 1.000, -2.678, "Freezer", 425)
upgrade(-7.872, 2.350, -2.678, 225)
upgrade(-7.872, 2.350, -2.678, 650)
place(-7.807, 1.000, -9.243, "Freezer", 425)
upgrade(-7.807, 2.350, -9.243, 225)
upgrade(-7.807, 2.350, -9.243, 650)
place(-2.881, 1.000, -0.277, "Freezer", 425)
upgrade(-2.881, 2.350, -0.277, 225)
upgrade(-2.881, 2.350, -0.277, 650)
place(1.226, 1.000, -15.173, "Freezer", 425)
upgrade(1.226, 2.350, -15.173, 225)
upgrade(1.226, 2.350, -15.173, 650)
place(-5.742, 1.000, -11.668, "Freezer", 425)
upgrade(-5.742, 2.350, -11.668, 225)
upgrade(-5.742, 2.350, -11.668, 650)
